#Output is for samplestockdata.csv.

1962	AA 45.0 68.5 23.5
1963	AA 51.25 70.37 19.120000000000005
1964	AA 59.0 82.25 23.25
1965	AA 60.5 79.63 19.129999999999995
1966	AA 66.5 94.63 28.129999999999995
1967	AA 70.13 93.88 23.75
1968	AA 62.5 81.5 19.0
1969	AA 64.37 84.0 19.629999999999995
1970	AA 47.0 74.0 27.0
1971	AA 36.0 70.0 34.0
1972	AA 38.87 57.25 18.380000000000003
1973	AA 47.87 80.5 32.63
1974	AA 25.88 79.0 53.120000000000005
1975	AA 27.12 50.25 23.13
1976	AA 38.5 61.25 22.75
1977	AA 40.88 59.5 18.619999999999997
1978	AA 38.5 53.0 14.5
1979	AA 46.5 60.5 14.0
1980	AAPL 25.25 36.13 10.880000000000003
1981	AAPL 14.25 34.75 20.5
1982	AAPL 11.0 34.88 23.880000000000003
1983	AA 29.25 47.75 18.5
1984	AAN 16.0 17.75 1.75
1985	AA 29.75 40.75 11.0
1986	AAPL 21.75 43.88 22.130000000000003
1987	AA 33.75 64.75 31.0
1988	AAPL 35.5 47.75 12.25
1989	AA 55.25 79.62 24.370000000000005
1990	AA 49.62 77.25 27.630000000000003
1991	AAPL 40.25 73.25 33.0
1992	AA 61.0 80.62 19.620000000000005
1993	AAON 1.63 8.25 6.62
1994	AAN 11.0 15.75 4.75
1995	AAN 12.25 19.25 7.0
1996	AA 49.12 66.25 17.130000000000003
1997	AAON 4.75 9.75 5.0
1998	AAPL 13.5 43.75 30.25
1999	AA 35.94 90.19 54.25
2000	AA 23.12 87.25 64.13
2001	AAP 39.7 49.75 10.049999999999997
2002	AAN 10.5 27.5 17.0
2003	AAON 11.99 20.79 8.799999999999999
2004	AA 28.51 39.44 10.929999999999996
2005	AAL 19.1 38.8 19.699999999999996
2006	AAN 19.2 26.38 7.18
2007	AAP 29.51 43.62 14.109999999999996
2008	AA 6.8 44.77 37.970000000000006
2009	AAP 29.5 47.41 17.909999999999997
2010	AAN 13.0 28.95 15.95
2011	AAN 19.16 29.34 10.18
2012	AAMC 15.0 93.5 78.5
2013	AAT 27.95 29.56 1.6099999999999994
2014	A 38.09 61.22 23.129999999999995
2015	AA 7.81 17.1 9.290000000000003
2016	AAPL 89.47 118.69 29.22

